-25.0562 -0.0399032
-24.8953 -0.213456
-24.9084 -0.300525
-24.9072 -0.38747
-24.8877 -0.474062
-9.69698 -0.761679
-9.68036 -0.794381
-9.67914 -0.828305
-5.31059 -0.830785
-5.21639 -0.834713
-4.74827 -0.82796
-4.70657 -0.837627
-4.61862 -0.838617
-4.54231 -0.84115
-4.45639 -0.841339
-4.39752 -0.846133
-4.31748 -0.846371
-4.23941 -0.846445
-4.15947 -0.845594
-4.10074 -0.848571
-4.04077 -0.850879
-3.97108 -0.850691
-3.90556 -0.850926
-3.84123 -0.850965
-3.79227 -0.854017
-3.72216 -0.851891
-3.67491 -0.854588
-3.63346 -0.858328
-3.57189 -0.856958
-3.50454 -0.85375
-3.4095 -0.843213
-3.37992 -0.848428
-3.30654 -0.842289
-3.25226 -0.840562
-3.22082 -0.844441
-3.16327 -0.841164
-1.82444 -0.498812
-1.82654 -0.506245
-1.83245 -0.514778
-1.84601 -0.525546
-1.81861 -0.524615
-1.83398 -0.53599
-1.813 -0.536733
-1.81171 -0.543238
-1.80158 -0.547062
-1.76588 -0.54296
-1.76588 -0.549714
-1.76395 -0.555874
-1.77177 -0.565145
-1.78501 -0.576241
-1.76017 -0.575016
-1.73158 -0.572371
-1.80163 -0.602512
-1.71651 -0.580716
-1.70333 -0.58289
-1.69757 -0.587548
-1.6881 -0.590875
-1.67492 -0.592834
-1.671 -0.598016
-1.66249 -0.601524
-1.65296 -0.60461
-1.65175 -0.610715
-1.63858 -0.612354
-1.63643 -0.61807
-1.62774 -0.62129
-1.62475 -0.626653
-1.62255 -0.63232
-1.61668 -0.636542
-1.60715 -0.639279
-1.60199 -0.643711
-1.60339 -0.650785
-1.60659 -0.658626
-1.6017 -0.663158
-1.59467 -0.666778
-1.58505 -0.669266
-1.59105 -0.678354
-1.58867 -0.683904
-1.57547 -0.68475
-1.57307 -0.690245
-1.57313 -0.696828
-1.56463 -0.699608
-1.56307 -0.705464
-1.55614 -0.708886
-1.56079 -0.717594
-1.54675 -0.717692
-1.54777 -0.72474
-1.55228 -0.733468
-1.55416 -0.741006
-1.5469 -0.744184
-1.54074 -0.747854
-1.54522 -0.756703
-1.54366 -0.762633
-1.53748 -0.766265
-1.53368 -0.771068
-1.53559 -0.778756
-1.5353 -0.785355
-1.52663 -0.787657
-1.52735 -0.794794
-1.52805 -0.801945
-1.52942 -0.809487
-1.52587 -0.814442
-1.52654 -0.821656
-1.52201 -0.826081
-1.52602 -0.83517
-1.5196 -0.838562
-1.51841 -0.844832
-1.5173 -0.851164
-1.50705 -0.852346
-1.47637 -0.841811
-1.48725 -0.854903
-1.49287 -0.865083
-1.48953 -0.870106
-1.47964 -0.871271
-1.46489 -0.869483
-1.46868 -0.878683
-1.47044 -0.886718
-1.46224 -0.888752
-1.46619 -0.898177
-1.46644 -0.905383
-1.47004 -0.914707
-1.47155 -0.922791
-1.46329 -0.924741
-1.4768 -0.940507
-1.4879 -0.954898
-1.48125 -0.95794
-1.48451 -0.967419
-1.48517 -0.975247
-1.48503 -0.982592
-1.50631 -1.00425
-1.50099 -1.00829
-1.51368 -1.0245
-1.49712 -1.02093
-1.43691 -0.987236
-1.41085 -0.976603
-1.40744 -0.981522
-1.40721 -0.988686
-1.38773 -0.98225
-1.3763 -0.981388
-1.36649 -0.981605
-1.36623 -0.988671
-1.35484 -0.987651
-1.35139 -0.992375
-1.3195 -0.97607
-1.32553 -0.987708
-1.33307 -1.00058
-1.33113 -1.00641
-1.31512 -1.00153
-1.32252 -1.01448
-1.32518 -1.0239
-1.32315 -1.02972
-1.31746 -1.0327
-1.2964 -1.02351
-1.2656 -1.00639
-1.25968 -1.00888
-1.25741 -1.01429
-1.23719 -1.00513
-1.23049 -1.00683
-1.22419 -1.00883
-1.21897 -1.0117
-1.21099 -1.01223
-1.20141 -1.01136
-1.19201 -1.01059
-1.18549 -1.01219
-1.18026 -1.01487
-1.17074 -1.01382
-1.16507 -1.01604
-1.15527 -1.01461
-1.14318 -1.01109
-1.14109 -1.01636
-1.12572 -1.00974
-1.11955 -1.01128
-1.11609 -1.01526
-1.10542 -1.01262
-1.09331 -1.00857
-1.09222 -1.01464
-1.08156 -1.01179
-1.07501 -1.01273
-1.06796 -1.01314
-1.06162 -1.0142
-1.05609 -1.01599
-1.04862 -1.01587
-1.04506 -1.01952
-1.02944 -1.01132
-1.02515 -1.01416
-1.0174 -1.01355
-1.01061 -1.01384
-1.00548 -1.01576
-0.995383 -1.0126
-0.992346 -1.01658
-0.983058 -1.01413
-0.978947 -1.01697
-0.969134 -1.01383
-0.961599 -1.013
-0.957963 -1.01626
-0.956189 -1.02149
-0.945465 -1.01713
-0.940124 -1.01849
-0.934337 -1.01934
-0.926784 -1.01821
-0.919922 -1.01779
-0.912698 -1.01691
-0.905224 -1.01569
-0.901673 -1.01884
-0.891921 -1.01494
-0.892269 -1.02251
-0.887098 -1.02378
-0.872631 -1.01421
-0.873553 -1.02248
-0.867682 -1.02282
-0.857477 -1.01797
-0.852668 -1.01946
-0.845394 -1.01797
-0.839432 -1.018
-0.835934 -1.02099
-0.833434 -1.02522
-0.826629 -1.02413
-0.814079 -1.01582
-0.814111 -1.02316
-0.808192 -1.02303
-0.800982 -1.02121
-0.797413 -1.024
-0.78193 -1.01138
-0.78541 -1.02324
-0.777044 -1.01969
-0.772494 -1.0211
-0.766361 -1.02037
-0.762141 -1.02217
-0.75568 -1.02092
-0.752112 -1.02355
-0.746255 -1.02304
-0.736969 -1.01776
-0.733365 -1.02026
-0.730863 -1.0243
-0.726142 -1.02524
-0.714695 -1.01658
-0.711142 -1.01907
-0.710976 -1.02645
-0.700451 -1.01883
-0.695891 -1.0198
-0.693919 -1.02458
-0.687712 -1.02309
-0.683035 -1.02383
-0.678298 -1.02446
-0.671478 -1.02189
-0.66467 -1.01926
-0.664359 -1.0266
-0.657554 -1.0239
-0.650971 -1.02148
-0.645095 -1.02009
-0.648028 -1.0327
-0.635849 -1.02119
-0.630484 -1.02049
-0.627996 -1.02445
-0.62514 -1.02782
-0.623236 -1.03279
-0.61691 -1.03043
-0.608568 -1.02459
-0.605118 -1.02693
-0.600129 -1.02664
-0.595492 -1.02692
-0.588935 -1.02383
-0.586702 -1.02823
-0.582817 -1.02976
-0.578252 -1.03007
-0.572651 -1.02848
-0.564259 -1.02179
-0.562066 -1.02626
-0.559417 -1.02994
-0.552693 -1.02609
-0.547663 -1.02531
-0.546763 -1.03228
-0.543156 -1.03418
-0.536267 -1.02978
-0.531076 -1.02856
-0.527482 -1.0304
-0.52511 -1.03466
-0.517083 -1.02772
-0.513902 -1.03033
-0.510302 -1.03212
-0.504265 -1.02894
-0.501522 -1.03244
-0.495662 -1.02951
-0.489999 -1.0269
-0.486412 -1.02861
-0.482666 -1.02997
-0.479323 -1.0322
-0.473516 -1.02908
-0.467212 -1.02479
-0.467609 -1.03522
-0.459293 -1.02634
-0.456967 -1.03078
-0.455119 -1.03636
-0.449029 -1.03227
-0.447 -1.03749
-0.442691 -1.03744
-0.433499 -1.0258
-0.432765 -1.03412
-0.42765 -1.03199
-0.425163 -1.03621
-0.42026 -1.03452
-0.41553 -1.03321
-0.410513 -1.03112
-0.406564 -1.03166
-0.401272 -1.02875
-0.396774 -1.0278
-0.39433 -1.03218
-0.390857 -1.0339
-0.388253 -1.03795
-0.381956 -1.03208
-0.344438 -0.940777
-0.340471 -0.940093
-0.343931 -0.960101
-0.336455 -0.949659
-0.325405 -0.928758
-0.322161 -0.929888
-0.318913 -0.931007
-0.305314 -0.90156
-0.310549 -0.927663
-0.305295 -0.922655
-0.302072 -0.923715
-0.297141 -0.919489
-0.289082 -0.905337
-0.290209 -0.919936
-0.284672 -0.913486
-0.282059 -0.916352
-0.280365 -0.922285
-0.27658 -0.921378
-0.272889 -0.920743
-0.269035 -0.919508
-0.265443 -0.919125
-0.262812 -0.922077
-0.260457 -0.926065
-0.255175 -0.919587
-0.252108 -0.921001
-0.247876 -0.918113
-0.245672 -0.922738
-0.242261 -0.922874
-0.239224 -0.924431
-0.235033 -0.921484
-0.23134 -0.920409
-0.227189 -0.917427
-0.223792 -0.917424
-0.221121 -0.920419
-0.218466 -0.923549
-0.213473 -0.916714
-0.210647 -0.919089
-0.20861 -0.925021
-0.204605 -0.922252
-0.202132 -0.926385
-0.195398 -0.910773
-0.195393 -0.92651
-0.191709 -0.925019
-0.188183 -0.924227
-0.183809 -0.919145
-0.181673 -0.925252
-0.178709 -0.927261
-0.1741 -0.920631
-0.171668 -0.925454
-0.165996 -0.912627
-0.165811 -0.930038
-0.161573 -0.924942
-0.157029 -0.917816
-0.154525 -0.922543
-0.150989 -0.921154
-0.148251 -0.924663
-0.145023 -0.925175
-0.141864 -0.926146
-0.138689 -0.927027
-0.134044 -0.917864
-0.131939 -0.926043
-0.129124 -0.92951
-0.125861 -0.929824
-0.122098 -0.926341
-0.118253 -0.921997
-0.114793 -0.92047
-0.112704 -0.930145
-0.108553 -0.922858
-0.105241 -0.922443
-0.102572 -0.927794
-0.0989182 -0.924271
-0.0960553 -0.928127
-0.0931993 -0.932301
-0.0896082 -0.929136
-0.0858234 -0.923622
-0.0825489 -0.923356
-0.0794606 -0.925213
-0.0766267 -0.930296
-0.072829 -0.923585
-0.0698373 -0.926922
-0.0664618 -0.925216
-0.0634351 -0.928418
-0.0598558 -0.923419
-0.0571272 -0.931697
-0.0533124 -0.922163
-0.0503044 -0.926235
-0.0473492 -0.931882
-0.044096 -0.932042
-0.0408423 -0.93219
-0.0373673 -0.926847
-0.0343468 -0.932814
-0.0309497 -0.928705
-0.0277077 -0.928807
-0.0245767 -0.933123
-0.0212303 -0.929307
-0.018024 -0.931323
-0.0148207 -0.934392
-0.0115652 -0.934945
-0.00827824 -0.932341
-0.00496645 -0.921741
-0.0017711 -0.933445
0.00148155 -0.929857
0.00472402 -0.929209
0.00798709 -0.931464
0.0111679 -0.925584
0.0144821 -0.930896
0.017771 -0.932915
0.0210355 -0.93321
0.0241915 -0.929234
0.027435 -0.929144
0.0306608 -0.928517
0.0340498 -0.932463
0.037438 -0.935674
0.0406593 -0.934511
0.0439211 -0.934364
0.0468875 -0.928366
0.0502894 -0.931189
0.0533486 -0.927688
0.0568439 -0.931714
0.0600959 -0.93151
0.063451 -0.932823
0.0666733 -0.932128
0.070368 -0.937771
0.0734011 -0.934466
0.0763068 -0.929868
0.0802291 -0.937507
0.0834056 -0.936149
0.0865828 -0.934879
0.0895122 -0.931103
0.0925685 -0.928845
0.0962102 -0.932393
0.0999968 -0.937042
0.102462 -0.929385
0.105969 -0.931335
0.108311 -0.923217
0.113403 -0.938311
0.116578 -0.937102
0.119098 -0.930827
0.123223 -0.937072
0.12545 -0.928911
0.12992 -0.937328
0.132638 -0.932981
0.136228 -0.934802
0.140007 -0.937787
0.142232 -0.930433
0.147272 -0.941394
0.149521 -0.934401
0.152833 -0.934188
0.156173 -0.934123
0.159104 -0.931651
0.162656 -0.932814
0.166955 -0.938104
0.169459 -0.933279
0.174089 -0.940099
0.176786 -0.936392
0.180411 -0.937631
0.184306 -0.940173
0.187612 -0.939652
0.190619 -0.937652
0.193891 -0.936981
0.197566 -0.938224
0.201523 -0.940719
0.205217 -0.941897
0.207797 -0.937987
0.211926 -0.941059
0.21608 -0.944112
0.21834 -0.938905
0.22124 -0.936547
0.226278 -0.943146
0.228779 -0.93911
0.230485 -0.931953
0.236112 -0.940608
0.239912 -0.941809
0.243198 -0.940965
0.245628 -0.936859
0.249459 -0.938109
0.254001 -0.941939
0.257875 -0.943195
0.260638 -0.940385
0.262468 -0.934306
0.268396 -0.942755
0.271532 -0.941282
0.275405 -0.942342
0.276041 -0.932419
0.283212 -0.944516
0.2832 -0.93263
0.289072 -0.940153
0.29135 -0.935916
0.2952 -0.936752
0.299813 -0.939933
0.303093 -0.93888
0.30835 -0.943882
0.310604 -0.939659
0.313358 -0.937002
0.31808 -0.940198
0.321498 -0.939485
0.324776 -0.938357
0.328914 -0.939689
0.332264 -0.938739
0.338038 -0.944556
0.338376 -0.935197
0.343757 -0.939803
0.348376 -0.942221
0.34954 -0.935322
0.355982 -0.942513
0.35925 -0.941212
0.360802 -0.935463
0.365812 -0.938681
0.370535 -0.941077
0.375876 -0.944953
0.38031 -0.946467
0.379625 -0.935312
0.387384 -0.944948
0.390323 -0.942728
0.39208 -0.937697
0.397667 -0.941809
0.400048 -0.938295
0.405613 -0.942216
0.408663 -0.940251
0.412373 -0.939801
0.418587 -0.944982
0.421883 -0.943515
0.420938 -0.932653
0.428747 -0.941177
0.432029 -0.939675
0.437455 -0.94279
0.440743 -0.941257
0.443903 -0.939453
0.448698 -0.941082
0.451805 -0.939147
0.458903 -0.94544
0.461351 -0.942097
0.464606 -0.940418
0.468767 -0.940558
0.473477 -0.94176
0.478621 -0.943768
0.480362 -0.939061
0.486382 -0.942699
0.489329 -0.940341
0.495376 -0.9439
0.501771 -0.948029
0.503217 -0.942787
0.509079 -0.945806
0.512294 -0.94387
0.518445 -0.9473
0.518022 -0.938732
0.524113 -0.941983
0.520782 -0.928353
0.535316 -0.946504
0.541604 -0.949868
0.541066 -0.941272
0.538536 -0.929349
0.545675 -0.934136
0.556698 -0.945413
0.561057 -0.945255
0.56237 -0.939975
0.565647 -0.938006
0.572932 -0.94263
0.577184 -0.9422
0.583998 -0.945894
0.58073 -0.933298
0.590143 -0.941085
0.593424 -0.939019
0.602961 -0.946777
0.607269 -0.946235
0.60847 -0.940865
0.608586 -0.933879
0.618205 -0.941438
0.625845 -0.945861
0.629143 -0.94367
0.631261 -0.939724
0.637786 -0.942314
0.644337 -0.94487
0.649982 -0.946037
0.660813 -0.954645
0.655301 -0.939656
0.66524 -0.946847
0.673006 -0.950826
0.678564 -0.951617
0.681021 -0.948045
0.686323 -0.948422
0.690768 -0.947581
0.697502 -0.949836
0.703463 -0.950977
0.708733 -0.951139
0.714195 -0.951519
0.716521 -0.947709
0.722166 -0.948276
0.730996 -0.952951
0.734674 -0.950855
0.737988 -0.948285
0.743677 -0.948744
0.75035 -0.950404
0.758605 -0.953995
0.759449 -0.948242
0.766555 -0.950297
0.772304 -0.950614
0.778064 -0.950903
0.786501 -0.954397
0.789619 -0.951394
0.794492 -0.950495
0.799974 -0.950292
0.804535 -0.948967
0.81286 -0.95203
0.823141 -0.957284
0.818223 -0.944871
0.825325 -0.946377
0.833723 -0.949297
0.842151 -0.952169
0.848039 -0.952109
0.848777 -0.946267
0.849485 -0.940431
0.860563 -0.946034
0.867463 -0.946958
0.875006 -0.948523
0.873052 -0.939801
0.881606 -0.942391
0.890189 -0.944933
0.899952 -0.94864
0.908642 -0.951129
0.91075 -0.946697
0.916737 -0.946287
0.926717 -0.949931
0.932759 -0.94947
0.938809 -0.948979
0.943495 -0.947081
0.955004 -0.951965
0.959774 -0.950064
0.963085 -0.946708
0.971961 -0.948785
0.976525 -0.946606
0.986782 -0.94989
0.997339 -0.953367
1.00207 -0.951222
1.00933 -0.951431
1.01687 -0.951862
1.02527 -0.953029
1.03387 -0.954321
1.04203 -0.955134
1.04149 -0.947975
1.04623 -0.945629
1.05959 -0.951004
1.06201 -0.946505
1.07488 -0.951265
1.0782 -0.947507
1.08441 -0.946279
1.09208 -0.946283
1.10496 -0.950704
1.10894 -0.947419
1.11519 -0.946042
1.11849 -0.942144
1.13214 -0.946909
1.14837 -0.953685
1.1581 -0.95496
1.15844 -0.948464
1.16774 -0.949289
1.17706 -0.95006
1.19525 -0.957872
1.20634 -0.959862
1.20665 -0.953251
1.21149 -0.950225
1.23004 -0.95786
1.23953 -0.958321
1.25215 -0.961108
1.25383 -0.955465
1.26332 -0.955745
1.27746 -0.95945
1.29629 -0.966532
1.29692 -0.959977
1.31172 -0.963863
1.32195 -0.96429
1.34096 -0.971
1.35292 -0.972486
1.35899 -0.969668
1.37301 -0.972459
1.38125 -0.97107
1.39044 -0.970298
1.40493 -0.973137
1.41169 -0.970544
1.42983 -0.975681
1.44277 -0.977149
1.45558 -0.978431
1.45737 -0.972263
1.4787 -0.979051
1.48651 -0.976777
1.50168 -0.979257
1.50251 -0.972342
1.52166 -0.977212
1.53609 -0.978924
1.54934 -0.979783
1.55618 -0.976517
1.57462 -0.980447
1.58491 -0.979192
1.6009 -0.98137
1.61092 -0.979791
1.62227 -0.978954
1.63936 -0.981473
1.65202 -0.981237
1.66607 -0.981733
1.68238 -0.983448
1.69125 -0.980727
1.70806 -0.982524
1.72306 -0.983161
1.73842 -0.983897
1.74689 -0.980659
1.76212 -0.981134
1.78268 -0.984443
1.79294 -0.981958
1.81318 -0.984835
1.82157 -0.981171
1.84884 -0.987549
1.8574 -0.983802
1.87364 -0.984044
1.89627 -0.987499
1.90365 -0.98291
1.9191 -0.982421
1.93975 -0.984459
1.9619 -0.987106
1.96905 -0.982103
1.98458 -0.981217
1.98973 -0.975134
2.02788 -0.985064
2.05784 -0.990756
2.07887 -0.991959
2.09606 -0.991191
2.1149 -0.991084
2.13412 -0.991019
2.15271 -0.990533
2.18098 -0.99433
2.20071 -0.99406
2.21476 -0.991111
2.24469 -0.995118
2.27316 -0.998258
2.29233 -0.997147
2.31354 -0.996783
2.33477 -0.996283
2.36227 -0.998283
2.38731 -0.999059
2.40754 -0.997664
2.42709 -0.995854
2.45561 -0.997555
2.45707 -0.98817
2.48224 -0.988237
2.51445 -0.990909
2.53049 -0.987041
2.55195 -0.985159
2.58424 -0.987276
2.62201 -0.991229
2.64717 -0.990192
2.67235 -0.988991
2.69392 -0.986299
2.72641 -0.987415
2.76472 -0.990384
2.79755 -0.99114
2.82412 -0.989472
2.85493 -0.989094
2.89492 -0.991643
2.92764 -0.991446
2.96772 -0.993486
2.99318 -0.990403
3.026 -0.989556
3.07907 -0.995027
3.11133 -0.99347
3.15595 -0.995593
3.18523 -0.992617
3.22744 -0.993427
3.2734 -0.995078
3.31484 -0.995046
3.36177 -0.996355
3.40787 -0.997091
3.45216 -0.996982
3.49835 -0.997105
3.55119 -0.998774
3.61662 -1.00357
3.666 -1.0035
3.72255 -1.00503
3.77193 -1.00424
3.82253 -1.00344
3.89204 -1.00718
3.96069 -1.01021
4.01427 -1.00896
4.0783 -1.00993
4.1367 -1.00908
4.22448 -1.01489
4.29296 -1.0155
4.36149 -1.01565
4.44155 -1.01796
4.51403 -1.018
4.59613 -1.01967
4.6668 -1.01827
4.75479 -1.02009
4.83989 -1.02069
5.02492 -1.02312
5.22002 -1.02495
5.31473 -1.02429
18.72 -1.14781
18.7059 -1.08142
18.7136 -1.01633
18.7261 -0.951467
18.7173 -0.885528
18.7561 0.750479
18.7494 0.815772
18.7504 0.881404
18.7592 0.947455
18.2353 1.11255
18.2373 1.17658
18.2129 1.23886
11.533 1.19005
11.5445 1.23199
11.5401 1.27228
11.5477 1.31393
11.3468 1.41158
11.334 1.45017
6.93793 1.43568
6.41241 1.44408
5.37889 1.25085
5.29737 1.2514
5.20935 1.24982
5.15399 1.25558
5.07784 1.25582
5.00368 1.25603
4.93173 1.25629
4.85181 1.25398
4.8162 1.26273
4.80886 1.27876
4.81266 1.29777
4.81576 1.31666
4.8234 1.33686
4.8222 1.35467
4.8219 1.37277
4.81407 1.38872
4.83015 1.41164
4.61652 1.38426
4.56543 1.38633
4.50896 1.38639
4.45254 1.38607
4.39236 1.38418
4.34178 1.38492
4.30457 1.38962
4.25977 1.3916
4.20552 1.39014
4.14944 1.38769
4.11048 1.39063
4.08479 1.39784
4.03075 1.39509
3.98433 1.39462
3.93231 1.39184
3.90484 1.39747
3.86045 1.3968
3.81521 1.39552
3.55339 1.32795
3.52629 1.33186
3.49733 1.3349
3.46093 1.33486
3.43017 1.33677
3.37896 1.33042
3.34829 1.33186
3.32321 1.33534
3.29258 1.3364
3.24534 1.33044
3.20557 1.32722
3.19354 1.33532
3.17044 1.33868
3.12712 1.33327
3.10224 1.33548
3.04988 1.32558
3.04157 1.33461
3.02958 1.34198
2.97741 1.33132
2.95088 1.33183
2.91527 1.32803
2.90154 1.33403
2.88416 1.33825
2.85593 1.33729
2.82955 1.337
2.81223 1.34084
2.7787 1.33678
2.76862 1.34385
2.74236 1.34295
2.70718 1.33746
2.6846 1.33798
2.66204 1.33836
2.65201 1.34494
2.62771 1.34417
2.59812 1.34049
2.58101 1.34309
2.56214 1.34466
2.54329 1.34611
2.5227 1.34651
2.4951 1.34298
2.47458 1.3431
2.45584 1.34405
2.43888 1.34585
2.42193 1.34755
2.39977 1.34621
2.38113 1.34671
2.3521 1.34114
2.36301 1.35831
2.33749 1.35452
2.30685 1.34754
2.278 1.34138
2.28019 1.35341
2.26515 1.3552
2.24328 1.35277
2.22146 1.35021
2.20139 1.34855
2.18646 1.34993
2.18343 1.35861
2.16173 1.3556
2.14515 1.35566
2.11511 1.34702
2.11208 1.35548
2.11237 1.3661
2.07576 1.35272
2.07771 1.36435
2.05459 1.35946
2.03818 1.35885
2.02181 1.35815
2.01871 1.36633
1.9908 1.35759
1.96957 1.35321
1.95825 1.35552
1.94695 1.35777
1.92911 1.35536
1.91294 1.354
1.90169 1.35603
1.89045 1.35799
1.88732 1.36575
1.87123 1.36409
1.86645 1.37061
1.8504 1.36879
1.84722 1.37644
1.8456 1.38528
1.84394 1.39413
1.82316 1.38844
1.82147 1.39723
1.81658 1.40358
1.81483 1.41237
1.80832 1.41746
1.79865 1.42005
1.79055 1.42383
1.80118 1.44257
1.81325 1.46266
1.80969 1.47024
1.80145 1.47401
1.80247 1.48538
1.80958 1.50188
1.81967 1.52101
1.81583 1.5286
1.7985 1.52477
1.78621 1.5251
1.7689 1.52103
1.76189 1.52573
1.75336 1.52909
1.73621 1.52484
1.72794 1.52829
1.717 1.52933
1.70163 1.52632
1.69144 1.52787
1.67402 1.52278
1.66383 1.52415
1.65139 1.5234
1.64198 1.52536
1.6265 1.52159
1.6241 1.53001
1.6065 1.52405
1.59831 1.52692
1.5865 1.52626
1.57689 1.52765
1.5669 1.52861
1.55725 1.52984
1.54474 1.52818
1.5352 1.52938
1.52476 1.52963
1.51374 1.52922
1.50109 1.52706
1.49299 1.52947
1.48215 1.52899
1.47446 1.53172
1.45933 1.52664
1.45435 1.53211
1.44229 1.53006
1.43162 1.5294
1.42179 1.52957
1.41551 1.53351
1.40284 1.53047
1.39217 1.52951
1.38641 1.53391
1.37367 1.53051
1.36761 1.5345
1.35628 1.53253
1.34283 1.52804
1.3365 1.53159
1.32335 1.52725
1.31668 1.53031
1.31136 1.53494
1.30088 1.53348
1.29166 1.53343
1.27866 1.52879
1.27374 1.53376
1.26468 1.5337
1.25265 1.52997
1.24717 1.53417
1.23682 1.53234
1.2302 1.53506
1.22255 1.53649
1.21473 1.53764
1.19907 1.52875
1.19526 1.5349
1.18641 1.53455
1.17795 1.53465
1.16736 1.5319
1.15809 1.5308
1.15308 1.53527
1.14536 1.53614
1.13439 1.53256
1.12758 1.53453
1.11857 1.53346
1.11321 1.53735
1.10417 1.53613
1.09687 1.53726
1.08804 1.5362
1.07819 1.53361
1.06898 1.53186
1.06576 1.53866
1.05724 1.5378
1.04662 1.53379
1.04033 1.53606
1.03323 1.5371
1.02786 1.5407
1.01523 1.53334
1.00768 1.53355
1.00165 1.53603
0.993301 1.5349
0.986304 1.53582
0.981999 1.54092
0.968168 1.53098
0.963333 1.53517
0.957968 1.53852
0.951399 1.53993
0.940504 1.53424
0.934115 1.53583
0.93024 1.54155
0.921738 1.53959
0.913946 1.53873
0.905562 1.53681
0.8972 1.53484
0.893237 1.54038
0.886897 1.54182
0.877618 1.53809
0.873411 1.54321
0.864475 1.53993
0.859867 1.54433
0.851185 1.54137
0.84121 1.53595
0.840062 1.54664
0.829974 1.54087
0.823969 1.5426
0.81858 1.54546
0.808798 1.53997
0.80473 1.5453
0.798386 1.54627
0.790839 1.54486
0.784296 1.54535
0.776505 1.54333
0.772931 1.54967
0.762642 1.5425
0.753823 1.53816
0.7493 1.54253
0.744342 1.54603
0.737104 1.54477
0.73144 1.54677
0.721075 1.53873
0.717345 1.54478
0.710499 1.54412
0.703621 1.54334
0.697114 1.54332
0.69013 1.54218
0.683164 1.54102
0.678881 1.5459
0.670414 1.54121
0.665945 1.54566
0.65834 1.54281
0.652372 1.54373
0.645847 1.54329
0.639932 1.54427
0.633951 1.54507
0.626831 1.54303
0.61919 1.53961
0.612384 1.53818
0.607011 1.5403
0.602383 1.54434
0.596243 1.54451
0.588003 1.53913
0.581347 1.53779
0.575975 1.53981
0.570426 1.54135
0.563883 1.54016
0.557672 1.53983
0.550511 1.53679
0.547724 1.54598
0.540204 1.54184
0.535653 1.54612
0.527749 1.54067
0.522367 1.5425
0.51698 1.54432
0.51008 1.54156
0.506186 1.54789
0.497489 1.53946
0.491841 1.54034
0.487624 1.54573
0.481336 1.54457
0.476531 1.54816
0.468236 1.54031
0.463773 1.54499
0.459475 1.5503
0.452087 1.54515
0.445584 1.54289
0.438562 1.53871
0.434647 1.54541
0.428849 1.54548
0.421923 1.54138
0.416518 1.54276
0.411642 1.54612
0.406758 1.54952
0.401703 1.5523
0.394958 1.5485
0.390014 1.55172
0.383164 1.54729
0.378158 1.55025
0.373256 1.55369
0.366963 1.55132
0.361523 1.55249
0.354327 1.546
0.350705 1.55511
0.34561 1.55783
0.337306 1.54591
0.333124 1.55274
0.326473 1.54807
0.321473 1.55116
0.3149 1.54659
0.311823 1.5593
0.304877 1.55274
0.298654 1.54963
0.293612 1.55262
0.28678 1.54603
0.283167 1.55683
0.278407 1.5616
0.270881 1.5507
0.265839 1.55381
0.260081 1.55274
0.254692 1.55385
0.249881 1.55855
0.242615 1.54778
0.238096 1.5544
0.232358 1.55314
0.227535 1.55806
0.221479 1.55451
0.216051 1.55527
0.210561 1.55558
0.205216 1.55696
0.199317 1.55406
0.193878 1.55463
0.18845 1.5553
0.183227 1.55771
0.177564 1.55638
0.172323 1.55873
0.166507 1.55583
0.160873 1.55445
0.155837 1.55891
0.150185 1.55727
0.144599 1.55619
0.139154 1.55654
0.133384 1.55311
0.128284 1.55748
0.122363 1.55178
0.117272 1.55653
0.11176 1.55585
0.10599 1.55128
0.101196 1.56122
0.0955034 1.55762
0.0902799 1.56165
0.0847471 1.56045
0.0792991 1.56074
0.0738565 1.56112
0.0682183 1.55708
0.0629319 1.561
0.0574091 1.55923
0.0519178 1.55796
0.0465302 1.55985
0.0411373 1.56198
0.0356339 1.55988
0.0301601 1.55853
0.0247431 1.56009
0.0193398 1.56364
0.0138534 1.56049
0.00842569 1.56423
0.00295826 1.56028
-0.00248624 1.55882
-0.00794776 1.56285
-0.0134167 1.56444
-0.0188351 1.56083
-0.02425 1.55864
-0.0296909 1.55854
-0.0352141 1.56213
-0.0406671 1.56199
-0.0461297 1.56221
-0.0515625 1.56142
-0.0570298 1.56171
-0.0626294 1.56522
-0.0679213 1.56105
-0.0735552 1.56475
-0.0789051 1.56226
-0.0844883 1.5644
-0.0899373 1.56389
-0.0951548 1.55962
-0.100873 1.56354
-0.106428 1.56461
-0.111498 1.55877
-0.117381 1.56427
-0.122823 1.56363
-0.128443 1.56516
-0.13321 1.55658
-0.139382 1.56441
-0.145019 1.56583
-0.150284 1.56322
-0.156131 1.56661
-0.161374 1.56389
-0.166664 1.56174
-0.172544 1.56505
-0.178212 1.56624
-0.183425 1.56346
-0.188882 1.56281
-0.194826 1.56608
-0.200775 1.56916
-0.205262 1.56094
-0.211214 1.56395
-0.216945 1.56517
-0.222171 1.56274
-0.228757 1.56973
-0.23364 1.56493
-0.239077 1.56395
-0.244535 1.56311
-0.250652 1.56638
-0.256388 1.56715
-0.261241 1.56256
-0.26667 1.5615
-0.273823 1.57033
-0.278608 1.56546
-0.284735 1.56814
-0.289912 1.56554
-0.295354 1.56441
-0.301188 1.56532
-0.307032 1.5662
-0.312816 1.56672
-0.318283 1.56562
-0.323818 1.56485
-0.329688 1.56565
-0.335567 1.56643
-0.34059 1.56322
-0.346935 1.56604
-0.35326 1.56864
-0.358734 1.5674
-0.365374 1.57117
-0.36908 1.56237
-0.375595 1.56551
-0.381523 1.56609
-0.386034 1.5609
-0.392739 1.56456
-0.399152 1.56692
-0.405586 1.56926
-0.411817 1.57072
-0.416277 1.56543
-0.421996 1.56492
-0.427715 1.56439
-0.433943 1.56566
-0.440778 1.56902
-0.444622 1.56175
-0.451386 1.56475
-0.456845 1.56316
-0.464343 1.56846
-0.471515 1.5725
-0.477001 1.57085
-0.4826 1.56956
-0.486927 1.56417
-0.496449 1.57536
-0.500697 1.56971
-0.507393 1.57173
-0.513519 1.57191
-0.520215 1.57378
-0.525749 1.57208
-0.53271 1.5746
-0.538602 1.5739
-0.543517 1.57035
-0.552707 1.57905
-0.557611 1.5754
-0.563393 1.57424
-0.570528 1.57681
-0.574701 1.57118
-0.581198 1.57191
-0.588729 1.57535
-0.593535 1.57146
-0.599018 1.56938
-0.608986 1.57893
-0.615897 1.5804
-0.620416 1.57571
-0.624473 1.56992
-0.632818 1.57487
-0.639411 1.57536
-0.646792 1.57772
-0.651549 1.57365
-0.660797 1.58035
-0.667929 1.58187
-0.672968 1.57841
-0.681933 1.58409
-0.685905 1.57812
-0.690627 1.57393
-0.69971 1.57963
-0.705221 1.57718
-0.712337 1.57828
-0.719818 1.58013
-0.727238 1.58176
-0.733784 1.58142
-0.737634 1.5753
-0.748458 1.58399
-0.753236 1.5798
-0.7626 1.58518
-0.765405 1.57689
-0.773649 1.57982
-0.783095 1.58507
-0.788623 1.58233
-0.797205 1.58566
-0.801787 1.581
-0.810547 1.58454
-0.818534 1.58647
-0.820677 1.57709
-0.830241 1.58195
-0.834829 1.57729
-0.845004 1.58312
-0.851763 1.58247
-0.858442 1.58162
-0.865854 1.58208
-0.87278 1.5816
-0.881978 1.58516
-0.888172 1.58326
-0.891749 1.57671
-0.903627 1.58478
-0.909153 1.58162
-0.921086 1.58951
-0.922644 1.57946
-0.935412 1.58856
-0.94432 1.59096
-0.938656 1.56892
-0.957453 1.58773
-0.965495 1.5885
-0.971138 1.58529
-0.97507 1.5793
-0.987918 1.58769
-0.990291 1.57919
-1.00159 1.58488
-1.01227 1.58947
-1.01886 1.58756
-1.02302 1.58187
-1.03667 1.59077
-1.04185 1.58658
-1.04953 1.58618
-1.06074 1.59103
-1.06819 1.59014
-1.07733 1.59173
-1.08511 1.59122
-1.08809 1.58369
-1.10175 1.59165
-1.1073 1.58779
-1.11961 1.59355
-1.1292 1.59534
-1.1314 1.58667
-1.14311 1.59131
-1.1498 1.58888
-1.1619 1.59387
-1.16921 1.59219
-1.18065 1.59606
-1.18373 1.58859
-1.19649 1.59408
-1.19537 1.58105
-1.2052 1.58254
-1.20625 1.5725
-1.20399 1.55827
-1.20215 1.54471
-1.2021 1.53357
-1.20203 1.52251
-1.20076 1.51003
-1.20151 1.50019
-1.19934 1.48682
-1.19622 1.4724
-1.19646 1.46224
-1.19427 1.44921
-1.19727 1.44256
-1.19163 1.42561
-1.18939 1.41287
-1.18928 1.40278
-1.19231 1.39644
-1.18553 1.37873
-1.19129 1.37568
-1.19101 1.36569
-1.20087 1.36733
-1.2123 1.37067
-1.21734 1.36672
-1.22802 1.36907
-1.23279 1.36477
-1.24535 1.36903
-1.2571 1.3723
-1.26792 1.37445
-1.27539 1.3729
-1.28282 1.37126
-1.2929 1.3724
-1.29963 1.36994
-1.31518 1.37667
-1.32164 1.3738
-1.33613 1.37919
-1.34313 1.37677
-1.35339 1.37763
-1.36119 1.37593
-1.37035 1.37556
-1.38052 1.37612
-1.39266 1.37856
-1.40149 1.37765
-1.40914 1.37554
-1.41671 1.3733
-1.43027 1.37679
-1.43935 1.37589
-1.45269 1.37896
-1.46327 1.37933
-1.46808 1.37421
-1.48006 1.37577
-1.49053 1.37583
-1.50434 1.37889
-1.51354 1.37764
-1.52205 1.37569
-1.53259 1.37553
-1.54792 1.37956
-1.55856 1.37932
-1.57069 1.3803
-1.58427 1.38247
-1.59579 1.38273
-1.60822 1.3837
-1.61203 1.37722
-1.63033 1.38305
-1.63819 1.3799
-1.65376 1.38318
-1.66251 1.38067
-1.67951 1.38491
-1.68801 1.38205
-1.70163 1.3833
-1.71237 1.38213
-1.72181 1.37985
-1.73636 1.38159
-1.75238 1.38437
-1.76345 1.38315
-1.77005 1.37837
-1.78782 1.38222
-1.80557 1.38589
-1.81732 1.38486
-1.83028 1.38466
-1.84282 1.38407
-1.86223 1.3885
-2.19224 1.61087
-2.20311 1.60705
-2.22345 1.61002
-2.24318 1.6124
-2.26229 1.61419
-2.27601 1.61202
-2.28681 1.60771
-2.30508 1.60856
-2.32656 1.6115
-2.34774 1.61408
-2.36119 1.61121
-2.38302 1.61395
-2.40174 1.61443
-2.41868 1.61358
-2.43405 1.61159
-2.46111 1.61718
-2.47661 1.61501
-2.49605 1.6153
-2.51981 1.61822
-2.53786 1.61733
-2.56027 1.61907
-2.57767 1.61751
-2.5993 1.61846
-2.61656 1.61657
-2.63668 1.6163
-2.66366 1.62008
-2.68274 1.61888
-2.71196 1.62363
-2.73269 1.62311
-2.74339 1.61654
-2.77257 1.62072
-2.8006 1.62401
-2.81495 1.61923
-2.84408 1.6228
-2.86277 1.62024
-2.8939 1.62455
-2.91428 1.62264
-2.94781 1.62786
-2.97057 1.62692
-2.98822 1.62305
-3.0196 1.62647
-3.0426 1.62518
-3.07254 1.62742
-3.09858 1.62738
-3.12152 1.62556
-3.15729 1.6302
-3.17885 1.6273
-3.21427 1.6313
-3.24801 1.63419
-3.28439 1.63815
-3.29915 1.63116
-3.32488 1.62946
-3.36233 1.63329
-3.38881 1.63155
-3.41656 1.63024
-3.46798 1.63994
-3.49077 1.63583
-3.53642 1.64219
-3.56161 1.63881
-3.59982 1.64119
-3.62362 1.63678
-3.67285 1.64361
-3.70029 1.64041
-3.73669 1.64096
-3.77681 1.64288
-3.8066 1.64006
-3.85064 1.64312
-3.88888 1.64341
-3.93175 1.64538
-3.97033 1.64526
-4.01095 1.64571
-4.05529 1.64739
-4.09443 1.64666
-4.13615 1.64669
-4.18089 1.64762
-4.2203 1.64615
-4.27687 1.65104
-4.31611 1.6489
-4.36789 1.65124
-4.41105 1.64998
-4.47141 1.65479
-4.5127 1.65218
-4.54065 1.64446
-4.98324 1.7655
-5.04215 1.76658
-5.11302 1.7714
-5.17151 1.77147
-5.21928 1.7675
-5.2936 1.7721
-5.35937 1.77334
-5.42445 1.77389
-5.47911 1.77061
-5.56897 1.77821
-5.65441 1.78376
-5.7217 1.78305
-5.79478 1.78366
-5.88133 1.78785
-5.96223 1.78973
-6.03938 1.78993
-6.12428 1.79186
-6.34 1.80703
-6.38449 1.79563
-6.40219 1.77652
-6.38414 1.74753
-6.39955 1.72776
-6.4212 1.70958
-6.41369 1.68363
-6.6268 1.69021
-6.85778 1.69822
-7.89555 1.72275
-7.89745 1.6943
-7.90504 1.66709
-7.89955 1.63716
-7.88966 1.6064
-7.89884 1.57958
-7.90458 1.55205
-14.5967 1.82033
-14.5971 1.76866
-14.6012 1.71746
-18.5632 1.92114
-21.3038 1.90453
-21.3223 1.83118
-24.8637 1.87326
-24.8681 1.78632
-24.8802 1.69991
-24.874 1.61228
-24.8775 1.52531
-24.9066 1.43985
